$ 0 0.000049999999999999996 2.803162489452614 57 5 50
v -1024 400 -1024 256 4 5 20 1 0 0 0.3
g -1024 400 -1024 448 0
w -336 208 -336 256 0
a -336 192 -192 192 9 5 0 1000000 -1.549023707993606e-9 -1.5490606374708405e-9 100000
r -288 400 -288 304 0 1000
w 112 192 384 192 0
w -960 176 -400 176 0
c 112 192 112 256 0 2.2e-7 0.057475809057434664
g 112 256 112 288 0
x -415 60 -215 63 4 24 U1-A\sStage\s1\sAmp
x -400 96 -244 99 4 24 1:1\s-\s11:1\sGain
x -59 34 189 37 4 24 700kHz\s-\s72Hz\s/\s402Hz
x 413 164 655 167 4 24 700kHz\sLP\sFixed\sFilter
r 432 416 432 320 0 1000
w 528 208 528 320 0
a 384 208 528 208 9 5 0 1000000 0.057474680896317853 0.057475809057434664 100000
w 384 224 384 272 0
g -288 400 -288 432 0
g 432 416 432 448 0
w 384 272 480 272 0
x 432 125 588 128 4 24 1:1\s-\s11:1\sGain
x 415 94 615 97 4 24 U1-B\sStage\s2\sAmp
x 484 368 530 371 4 24 VR2
x 481 400 531 403 4 24 Gain
g 608 272 608 304 0
c 608 208 608 272 0 1e-9 0.11284610273901621
r 528 208 608 208 0 220.00000000000003
w 608 208 1024 208 0
w 1024 208 1024 496 0
w 1024 -208 1616 -208 0
a 1616 -192 1760 -192 9 5 0 1000000 4.5439613504390195 0.11284610273901621 100000
w 1616 48 1616 -176 0
p 1616 -176 1568 -176 1 0
w 1760 -192 2080 -192 0
162 2080 -192 2080 -80 2 default-led 1 0 0 0.01
r 2080 -80 2080 -16 0 1000
g 2080 -16 2080 16 0
x 1662 -291 1716 -288 4 24 U2-A
x 1567 -254 1823 -251 4 24 Upper\sLimit\sComparator
x 1591 439 1847 442 4 24 Lower\sLimit\sComparator
x 1651 401 1705 404 4 24 U2-B
w 1776 512 2080 512 0
a 1632 512 1776 512 9 5 0 1000000 1.1430900460722053 0.11284610273901621 100000
w 1024 496 1632 496 0
w 1776 944 2080 944 0
M 2160 480 2224 480 0 2.5
p 2080 944 2176 944 1 0
g 2080 688 2080 720 0
r 2080 624 2080 688 0 1000
162 2080 512 2080 624 2 default-led 0 1 0 0.01
x -1046 128 -888 131 4 24 Photocell\sInput
x -1026 164 -889 167 4 24 250mV\sPeak
x 2121 -133 2489 -130 4 24 Over\samped\sclipping\sWarning\sLED
x 2132 654 2393 657 4 24 Threshold\striggered\sLED
x 2261 488 2486 491 4 24 D2\s-\sFalling\sInterrupt\s
x 2225 949 2453 952 4 24 A1\s-\sThreshold\ssense
x 2120 -98 2262 -95 4 24 Output\s>4.8V
x 2164 695 2376 698 4 24 Output\s>\sThreshold\s
207 2080 512 2080 480 0 Digital Out
207 2080 1088 2080 1056 0 Analog Out
174 112 192 32 224 0 10000 0.9356000000000001 VR1 Ripple Filter
w 64 224 64 240 0
w 16 240 64 240 0
w 16 192 16 240 0
w -16 192 16 192 0
x 19 278 65 281 4 24 VR1
x -45 315 83 318 4 24 Ripple\sFilter
207 -336 176 -336 128 0 Input
w -1024 176 -960 176 0
r -1024 176 -1024 256 0 1000
r -960 240 -960 320 0 1000
v -960 368 -960 512 0 3 300 0.5 0 0 0.5
g -960 512 -960 560 0
d -960 320 -960 368 2 default
p 2080 1088 2176 1088 1 0
M 2160 544 2224 544 0 2.5
w 2080 512 2160 512 0
w 2160 512 2160 480 0
w 2160 512 2160 544 0
x 2258 555 2479 558 4 24 D3\s-\sRising\sInterrupt\s
x 1273 387 1454 390 4 24 Threshold\strigger
w 1024 496 1024 1088 0
w 1024 1088 2080 1088 0
x 2229 1098 2417 1101 4 24 A0\s-\sSignal\ssense
r 48 160 112 160 0 5600
w -16 160 -16 192 0
w 112 160 112 192 0
174 -192 304 -272 256 0 10000 0.6386000000000001 VR3 Stage-1 Gain
w -240 256 -336 256 0
x -257 389 -207 392 4 24 Gain
x -254 357 -208 360 4 24 VR3
r -400 176 -400 288 0 1000000
g -400 288 -400 320 0
w -400 176 -336 176 0
c 1616 48 1616 128 0 0.000022000000000000003 4.5439613504390195
g 1616 128 1616 160 0
r 1616 48 1520 48 0 10000
v 1264 -48 1360 -48 4 5 1000 5 0 0 0.4
g 1264 -48 1264 0 0
O 2080 944 2080 912 0
w -192 192 -192 304 0
s -16 160 48 160 0 0 false
x -89 68 223 71 4 24 LP\sFilter\s(no\sjumper\s/\sjumper)
s -960 240 -960 176 0 0 false
x -1075 96 -831 99 4 24 Simulated\ssingle\sframe
x -945 222 -731 225 4 24 Dimmer\snoise\son/off
b -1120 48 -710 599 0
b -448 16 -157 480 0
w -192 192 -16 192 0
b -131 -4 238 339 0
x -48 145 25 148 4 24 jumper
174 528 320 448 272 0 10000 0.5396000000000001 VR2 Stage-2 Gain
b 336 32 724 489 0
r 1520 48 1520 128 0 100000
g 1520 128 1520 160 0
s 1360 -48 1360 48 0 1 false
R 1264 112 1264 80 0 0 40 5 0 0 0.5
174 1264 176 1312 128 0 10000 0.9158000000000001 Upper limit pot
g 1264 176 1264 208 0
w 1312 144 1360 144 0
s 1360 48 1360 144 0 0 false
w 1024 -208 1024 208 0
w 1360 48 1520 48 0
b 1200 -160 1412 242 0
b 1440 -80 1673 226 0
x 1251 -114 1384 -111 4 24 PWM\sor\spot\s
x 1241 -83 1395 -80 4 24 voltage\ssetting
x 1452 -24 1602 -21 4 24 0.7Hz\sLP\sfilter
b 1918 -407 1080 276 0
x 1235 -325 1515 -322 4 24 Upper\slimit\swarning\strigger
x 1470 682 1620 685 4 24 0.7Hz\sLP\sfilter
x 1257 621 1411 624 4 24 voltage\ssetting
x 1267 590 1400 593 4 24 PWM\sor\spot\s
b 1456 624 1689 930 0
b 1216 544 1428 946 0
w 1376 752 1536 752 0
s 1376 752 1376 848 0 0 false
w 1328 848 1376 848 0
g 1280 880 1280 912 0
174 1280 880 1328 832 0 10000 0.23270000000000002 Threshold pot
R 1280 816 1280 784 0 0 40 5 0 0 0.5
s 1376 656 1376 752 0 1 false
g 1536 832 1536 864 0
r 1536 752 1536 832 0 100000
g 1280 656 1280 704 0
v 1280 656 1376 656 4 5 1000 5 0 0 0.4
r 1632 752 1536 752 0 10000
g 1632 832 1632 864 0
c 1632 752 1632 832 0 0.000022000000000000003 1.1430900460722053
w 1632 752 1632 528 0
x 1471 10 1581 13 4 24 w/\sbleeder
x 1493 714 1603 717 4 24 w/\sbleeder
b 1918 341 1080 1024 0
w 1632 752 1776 752 0
w 1776 752 1776 944 0
x 1231 -286 1510 -283 4 24 Set\swith\spot.\s4.8V\s\p/-\s0.5V
x 1232 436 1518 439 4 24 Set\sPMW\swith\sUNO\spin\sD6
x 791 178 968 181 4 24 Analog\swave\sout
x -660 144 -498 147 4 24 Analog\swave\sin
b -475 -125 749 554 0
x 7 -69 291 -66 4 24 Analog\swave\samp\sand\sfiter
x -1213 1209 -730 1212 4 48 Waveform\s1:\sAnalog\sin
x -222 1221 1264 1224 4 48 Waveform\s2:\sAnalog\sout\s(green),\sThreshold\s(orange),\sUpper\slimit\s(red)
x 1491 1228 2436 1231 4 48 Waveform3:\sDigital\sout\s(Threshold\striggered)
o 67 16 0 4354 1.8220774271633216 0.0001 0 2 67 3
o 59 16 0 12290 4.5439613504390195 0.0001 1 3 32 0 99 0
o 58 16 0 12290 5.000257639761992 0.0001 2 2 58 3
